20
45
10
44 21 14 32 42 26 30 34 2 20
32
10
5 22 27 3 13 7 11 19 21 5
34
110
25 16 9 24 1 28 6 29 2 25 5 8 22 19 25 19 17 13 13 23 22 4 20 10 20 28 23 15 13 18 12 31 6 25 27 14 24 34 15 30 15 5 34 28 5 1 19 31 32 1 25 11 9 7 14 32 3 27 22 10 25 6 31 22 14 30 18 17 14 10 14 7 31 28 33 19 16 14 6 30 4 32 6 8 10 23 28 10 6 17 23 2 9 30 27 12 1 28 25 21 13 20 1 31 6 30 1 4 31 28
43
110
36 33 23 29 2 13 26 30 23 42 24 15 38 30 22 12 33 18 21 16 42 34 22 28 9 11 22 23 43 5 8 42 10 29 6 28 27 4 39 42 28 5 6 15 13 28 28 4 32 41 23 27 24 8 18 16 43 37 9 22 27 31 43 34 8 41 19 7 39 2 42 8 29 39 18 41 18 37 6 25 9 2 20 37 33 27 2 36 26 40 35 10 27 25 13 21 24 9 19 4 5 12 38 22 21 40 32 2 40 12
34
210
17 32 31 5 21 31 11 27 29 21 23 5 1 27 15 10 21 25 18 3 32 31 19 31 6 26 13 17 34 29 31 21 29 17 19 11 6 7 19 10 3 12 17 15 21 4 34 29 34 16 29 7 14 30 30 18 1 5 23 6 10 23 18 27 25 32 16 24 6 13 27 16 8 29 10 34 22 31 21 4 18 24 15 8 4 13 20 10 4 6 1 15 27 5 13 6 17 6 25 29 17 4 11 19 7 11 11 21 9 20 10 23 29 27 12 9 15 26 15 12 9 21 1 19 31 30 9 24 26 22 18 22 22 32 24 34 28 15 30 21 13 2 5 22 21 16 30 8 26 19 23 13 1 12 28 1 19 17 34 18 16 18 5 19 28 32 11 14 24 3 32 1 20 9 33 12 13 27 21 25 21 17 17 14 18 14 33 8 32 16 4 1 3 29 2 8 28 24 7 28 19 22 11 12 17 12 7 19 5 27
24
210
16 22 23 24 14 6 20 2 8 16 6 17 7 14 4 15 22 12 15 21 10 9 3 17 6 20 1 1 17 21 13 13 8 2 3 12 16 11 23 4 4 6 17 10 21 12 14 15 12 24 21 15 10 18 5 20 11 5 2 9 10 4 3 4 24 7 7 12 18 10 1 18 10 17 7 14 16 14 12 4 10 11 4 23 10 10 6 1 20 5 5 6 14 20 21 1 24 1 9 15 4 14 24 18 10 3 15 19 5 4 4 10 20 10 14 17 23 5 6 7 7 23 10 5 16 11 12 6 22 12 5 6 8 16 14 23 20 9 18 14 1 6 24 9 18 23 21 9 11 1 9 6 23 16 3 14 10 22 2 14 18 21 14 16 19 7 17 8 7 22 19 16 10 18 5 23 14 11 22 24 5 10 5 5 5 15 15 7 3 19 7 3 11 17 21 14 8 11 2 3 1 23 13 11 17 3 9 12 7 7
33
310
28 33 11 33 2 28 11 26 27 11 22 17 16 22 27 12 31 22 5 11 26 29 1 33 15 17 7 31 6 12 15 33 27 10 16 22 19 10 31 11 16 27 32 25 13 2 31 15 11 28 7 18 8 31 32 10 21 20 12 27 3 13 23 21 22 15 27 7 31 30 3 19 31 5 13 24 10 31 21 2 13 14 28 28 7 11 20 8 2 21 29 33 32 25 23 31 22 30 12 4 31 5 16 3 33 21 21 9 30 23 14 18 22 27 2 28 12 23 21 32 33 15 23 2 2 8 27 25 10 29 3 30 23 33 21 2 23 3 32 1 33 10 14 29 32 30 17 30 15 10 20 16 2 25 15 14 6 12 7 9 7 9 5 17 28 31 13 8 10 24 7 5 32 14 5 10 13 30 14 18 24 32 15 19 9 4 19 7 11 32 31 20 23 16 26 4 7 22 27 17 4 3 11 6 19 12 27 2 27 29 6 10 13 18 16 3 11 8 19 2 22 24 6 8 33 1 1 15 25 29 15 29 28 9 6 33 32 10 10 6 31 6 5 4 30 13 22 11 29 9 10 27 7 29 23 25 6 30 22 23 18 9 13 19 13 25 22 30 16 7 11 23 24 17 4 6 13 28 29 25 25 8 23 22 21 29 10 32 20 14 5 9 19 1 19 29 24 11 22 16 19 14 21 11 1 7 27 15 28 28
45
310
8 35 34 26 43 45 6 39 44 29 31 9 26 23 39 42 30 1 28 34 13 32 17 13 31 7 44 26 6 35 4 7 1 27 43 34 9 14 22 37 20 5 2 3 34 25 15 13 44 10 6 22 26 28 21 28 24 14 38 5 12 28 15 43 19 38 19 4 7 3 41 27 8 3 22 9 29 13 24 25 33 11 11 15 18 26 39 8 35 15 20 28 35 33 36 40 6 35 10 12 10 7 32 5 9 30 4 26 23 35 35 30 44 19 39 42 6 6 40 11 24 33 42 3 20 4 38 18 6 45 41 30 9 32 12 10 35 16 24 40 30 10 35 26 25 45 44 37 38 28 21 3 1 14 8 21 10 26 16 15 1 17 13 7 44 23 37 17 2 3 36 8 32 31 39 26 34 45 40 39 21 22 18 1 7 38 43 35 39 36 45 18 34 7 20 34 39 4 32 32 21 12 5 2 1 2 7 44 43 19 28 26 17 3 9 30 26 38 33 41 36 25 28 43 14 8 32 19 22 13 5 42 42 10 23 41 34 28 3 22 41 33 31 9 21 9 1 3 29 43 13 1 5 43 42 33 7 37 28 30 2 40 20 13 16 10 25 42 30 3 11 26 43 42 2 22 1 23 36 33 22 44 27 40 23 15 20 6 2 13 5 25 8 38 15 45 32 27 40 9 19 45 28 15 17 45 15 42 44 13
33
410
10 5 17 7 3 27 26 13 20 7 14 4 6 26 32 31 19 6 6 14 17 12 17 15 31 28 6 33 9 2 23 4 22 16 9 30 19 25 4 18 7 9 28 10 25 18 13 24 7 20 19 14 31 24 32 21 5 23 27 11 13 15 28 9 5 6 1 28 1 18 29 3 25 14 29 33 18 28 18 13 7 27 1 28 7 31 12 5 28 3 26 25 23 9 31 16 33 32 28 13 32 30 25 16 28 11 32 1 7 2 33 8 4 2 33 27 19 22 3 21 5 12 1 29 30 5 33 18 3 16 7 15 16 8 4 19 5 16 29 24 5 13 13 3 18 22 9 33 17 27 7 33 26 17 12 15 20 4 28 10 7 4 19 1 21 6 3 16 23 4 23 8 3 13 12 24 3 27 30 32 27 15 2 27 11 21 14 11 7 2 11 11 29 3 28 16 18 30 21 31 15 7 20 21 25 6 28 29 28 26 11 15 4 14 9 32 20 8 7 17 17 28 17 10 9 6 17 23 24 15 12 19 12 3 13 28 29 11 11 20 13 18 11 21 26 32 6 25 32 27 8 27 8 18 14 4 6 18 28 26 22 11 13 11 9 31 30 15 16 26 16 17 23 33 4 21 11 6 13 9 28 32 23 9 19 21 21 2 21 29 22 26 30 11 29 6 24 7 20 18 16 11 10 17 10 24 28 12 30 7 2 1 14 16 13 24 16 4 24 32 16 29 9 31 3 3 23 21 10 28 21 25 14 1 15 15 28 14 5 16 2 25 21 2 31 24 17 10 12 1 13 7 30 12 20 25 29 4 14 11 18 17 30 14 14 6 5 7 19 9 13 20 15 25 28 7 30 7 32 2 20 5 25 19 5 27 29 14 1 29 5 6 18 15 18 27 15 31 12 9 10 26 18 28 14 1 7 23 2 6
36
410
8 27 15 3 33 16 7 6 1 10 28 32 32 16 11 35 29 29 22 14 14 24 18 36 12 29 30 33 23 21 6 12 1 13 8 6 2 14 34 20 9 11 30 17 23 25 7 4 17 23 6 28 34 16 14 24 24 36 9 6 13 7 9 6 14 11 11 12 6 16 22 25 16 17 20 14 23 28 23 33 9 8 22 33 12 24 1 14 13 32 2 30 12 18 31 17 34 27 32 11 11 36 16 14 22 7 30 12 4 20 10 9 7 6 35 21 9 4 6 27 23 18 11 4 29 22 34 11 19 7 31 12 14 28 19 28 6 2 8 7 8 5 36 4 12 8 5 30 18 14 8 23 14 26 26 6 24 30 16 34 24 1 25 25 3 34 12 9 34 18 35 18 8 2 21 18 24 31 4 10 12 11 26 17 9 35 34 34 13 8 26 23 9 24 34 36 16 4 34 15 13 36 15 30 25 12 13 19 31 24 16 31 21 16 7 13 16 12 25 1 28 12 9 28 30 21 31 35 24 14 1 1 32 26 12 29 35 3 12 2 12 19 25 3 19 3 36 13 16 18 36 10 1 26 25 8 1 34 9 25 6 22 9 5 11 21 7 9 2 18 28 35 22 29 22 1 27 30 26 32 8 25 32 14 4 36 18 26 9 13 29 13 7 36 10 18 29 36 21 2 30 20 23 2 24 5 29 9 27 30 14 34 9 4 7 20 7 1 32 11 24 12 30 31 15 27 31 32 35 33 15 14 18 19 8 26 22 15 1 3 32 20 30 2 8 25 19 32 30 8 3 25 17 1 14 36 22 18 9 6 31 7 35 8 4 35 8 8 32 32 27 16 9 14 22 34 25 30 16 16 3 36 10 31 18 2 19 7 23 19 30 25 13 15 19 26 13 25 16 11 27 7 7 22 14 25 27 13 35 21
10
510
10 7 9 2 5 7 8 8 5 7 1 8 3 1 1 10 10 10 4 6 2 4 9 3 10 2 1 9 1 10 5 3 8 3 3 9 3 9 9 4 4 3 10 7 2 6 2 5 6 9 2 8 1 4 5 9 8 5 9 6 2 5 4 10 7 9 5 4 4 4 7 1 8 6 8 7 7 7 4 2 1 5 3 5 6 10 2 6 7 6 4 3 1 7 3 2 1 9 4 2 9 4 7 8 10 7 3 2 10 10 6 4 5 8 3 3 6 3 3 10 10 7 4 7 9 1 2 6 9 7 5 1 4 9 3 9 7 10 8 1 4 1 10 6 3 9 8 3 10 8 8 9 6 5 2 9 6 5 10 10 2 8 2 6 8 8 7 8 6 5 1 7 7 4 5 8 7 8 10 5 4 1 4 4 2 2 6 3 9 5 2 3 2 3 4 10 7 10 5 10 5 5 1 2 5 6 9 8 9 8 6 6 6 7 8 5 10 6 2 5 8 3 5 1 1 2 10 1 9 1 7 10 4 8 9 4 9 6 5 10 2 1 5 8 2 6 2 8 1 2 8 8 10 7 7 2 8 7 8 1 10 9 1 1 4 5 5 3 8 8 8 6 7 2 5 3 3 1 5 6 8 5 3 3 7 3 8 7 9 7 2 9 8 10 8 2 4 3 4 7 10 5 3 4 5 3 3 5 5 7 10 5 6 6 5 9 1 1 1 1 6 5 4 8 9 4 8 9 6 3 7 9 2 6 5 2 6 3 6 7 2 2 9 3 10 9 1 7 3 6 10 5 2 7 7 4 2 4 2 3 9 1 2 10 9 7 5 4 1 10 5 5 9 9 6 2 1 5 5 5 6 3 9 9 5 2 10 5 9 9 8 4 9 1 6 7 7 9 8 3 10 8 2 5 6 7 10 4 1 3 10 10 1 8 8 10 6 6 9 1 9 3 9 4 2 1 5 5 8 9 5 2 5 9 7 1 1 6 10 5 3 8 1 3 9 7 1 2 9 7 4 10 3 7 7 8 10 9 6 2 10 9 2 3 2 2 7 9 4 9 1 10 7 7 10 10 5 7 6 10 1 1 8 4 1 1 5 3 8 10 5 10 1 4 6 2 7 5 10 8 8 1 10 5 10 8 2 1 9 1
43
510
20 25 17 6 25 39 21 30 40 3 26 16 10 32 1 20 34 6 30 26 18 27 2 30 40 25 9 17 1 14 16 4 33 14 29 7 4 41 37 9 8 21 38 24 4 29 23 18 27 23 4 28 15 25 22 10 25 5 37 16 32 24 10 34 8 12 19 8 15 36 9 37 32 23 25 19 1 4 37 28 3 42 22 6 5 39 6 30 5 14 24 1 11 36 40 11 37 2 3 9 39 11 3 27 37 10 42 38 18 16 14 26 3 8 32 10 16 19 12 38 37 43 10 6 33 15 20 15 35 7 23 19 37 7 24 34 35 32 14 39 23 21 3 41 29 23 22 37 5 7 15 28 32 24 38 31 9 27 11 16 23 23 32 23 11 28 34 18 9 7 41 21 13 3 21 33 22 27 35 6 17 26 25 2 19 25 1 42 40 10 11 12 38 39 32 3 24 18 34 24 13 35 17 28 19 3 16 31 28 18 27 40 1 9 15 17 16 18 4 5 42 5 23 4 30 8 42 12 12 37 35 15 12 31 10 3 1 12 29 24 31 42 31 22 20 10 19 29 5 2 23 10 29 11 41 21 34 35 31 9 12 36 36 27 27 38 17 26 37 28 42 22 31 8 9 7 8 33 11 17 32 8 1 36 42 25 15 10 26 19 42 35 22 16 7 15 8 18 41 17 19 29 37 10 8 5 23 6 30 11 21 8 25 41 30 2 10 18 20 6 17 6 21 32 29 10 37 3 34 41 30 22 39 25 4 34 3 13 6 37 11 19 15 14 14 17 39 14 29 26 39 20 2 4 12 36 21 30 9 31 29 7 26 8 34 3 27 17 4 38 17 26 17 5 17 43 6 17 26 18 14 32 13 20 27 16 20 37 40 21 27 6 2 14 6 14 37 15 40 30 42 41 41 9 33 17 8 6 19 37 1 15 19 29 24 22 34 29 38 38 1 18 9 3 22 9 30 43 20 31 34 16 12 28 41 3 37 32 25 20 27 1 42 15 18 40 26 42 36 7 20 12 3 4 42 26 1 25 6 9 21 34 24 18 18 36 24 8 32 30 25 18 19 6 13 42 20 34 27 7 28 6 16 31 36 19 14 35 27 36 5 26 39 20 31 30 30 31 38 35 40 32 18 13 13 19 35 5 28 31
30
610
18 25 4 20 11 21 21 11 3 9 5 8 24 24 10 26 25 3 4 15 12 20 28 21 13 22 11 12 22 26 17 7 23 18 21 12 26 7 25 13 17 15 3 19 13 23 4 20 21 23 24 7 16 26 16 16 11 9 9 25 5 1 6 2 28 11 12 26 13 25 24 25 23 24 1 21 6 12 3 1 8 19 25 22 14 29 18 20 30 20 27 24 2 20 16 4 22 18 7 6 4 23 17 28 29 7 25 29 5 24 30 16 23 21 5 25 9 5 23 2 24 10 20 8 11 24 26 8 9 12 25 1 23 5 25 25 9 2 2 8 26 14 19 16 2 8 26 18 27 11 13 9 1 19 27 30 16 19 12 5 5 10 1 19 20 25 9 24 24 7 3 26 13 22 6 25 29 7 5 15 17 13 22 8 11 30 19 3 25 8 7 14 21 6 10 1 1 19 1 28 9 10 30 17 2 26 14 15 7 26 6 7 26 1 18 21 22 24 6 14 16 19 14 14 12 29 7 15 3 14 20 3 7 23 26 23 16 27 1 30 26 6 24 7 17 9 30 17 26 10 16 25 8 16 21 18 3 30 23 23 8 28 5 22 28 26 14 7 12 25 20 16 14 26 11 21 23 22 23 19 29 1 23 13 12 10 23 19 6 17 21 7 12 23 28 9 14 18 9 23 28 24 8 16 1 3 20 8 19 19 9 22 14 30 8 9 21 1 21 17 3 7 17 11 14 4 6 18 1 19 1 27 23 3 9 21 1 15 24 11 19 21 27 27 1 10 8 19 30 30 27 1 8 29 22 30 18 13 25 25 6 1 4 15 16 25 1 12 19 18 14 15 30 26 1 17 11 26 23 13 17 25 23 3 15 21 10 26 2 2 9 5 3 12 25 20 24 16 1 5 3 30 29 8 8 7 19 25 24 28 13 28 21 27 7 6 14 7 28 20 13 26 3 23 10 6 28 30 12 26 4 25 18 4 9 27 23 7 26 6 30 12 26 22 21 1 16 11 24 20 3 9 3 24 25 17 13 12 3 21 21 22 2 21 19 1 10 22 25 26 8 27 7 28 28 19 7 19 6 30 6 26 11 1 21 22 2 6 9 4 15 27 17 27 18 9 20 23 27 27 17 26 6 22 26 27 30 29 6 16 23 16 30 21 6 10 3 3 4 20 2 5 27 21 27 16 12 2 29 21 15 21 15 2 14 29 17 16 7 14 18 22 15 29 16 17 17 8 4 22 3 21 13 2 28 26 30 3 2 9 27 29 18 21 3 5 19 4 9 19 28 25 4 23 15 24 10 8 5 29 25 12 14 15 8 26 24 25 1 20 27 23 12 24 30 16 9 25 24 16 12 20 20 26 2 20 30 9 24 29
12
610
6 11 11 12 8 3 6 11 6 10 2 7 3 10 10 9 8 4 1 5 8 5 7 8 5 12 11 4 10 2 1 9 5 12 1 2 12 2 6 6 8 4 6 11 10 3 4 8 1 7 4 3 10 1 12 11 5 8 3 9 2 9 5 10 12 2 3 7 5 5 11 3 6 1 9 2 5 8 6 11 2 4 10 9 2 7 9 1 2 7 1 4 9 11 11 6 12 7 10 5 10 9 5 12 12 1 3 2 1 4 7 10 7 4 8 8 5 8 7 9 8 3 6 4 7 9 7 8 4 1 2 6 2 12 11 5 6 2 3 10 12 11 3 10 11 10 12 9 9 1 4 4 11 12 5 2 10 5 8 12 3 10 8 6 6 9 7 11 8 5 11 1 1 4 10 4 1 1 2 12 11 4 2 12 3 12 8 2 11 10 8 12 10 9 2 12 7 7 11 12 6 6 4 3 4 1 2 4 5 10 4 1 11 5 10 7 7 9 12 7 4 5 10 8 8 10 3 11 10 4 3 7 7 6 8 1 8 2 5 2 9 2 3 11 9 1 11 10 7 10 11 2 9 5 8 7 10 8 5 1 7 4 5 2 7 8 3 5 5 1 9 10 12 1 12 2 4 11 1 10 9 4 9 8 9 7 3 10 10 9 10 2 5 9 10 11 12 5 11 12 5 1 4 10 3 7 10 6 11 2 1 6 9 12 11 1 12 8 3 1 5 5 8 7 11 8 10 3 8 9 12 7 7 2 7 5 5 1 10 1 5 2 12 9 11 1 11 6 8 9 4 6 2 6 9 3 6 10 1 6 1 2 1 6 2 2 12 10 2 4 10 9 5 8 9 5 8 2 5 3 5 11 7 9 6 5 6 4 7 11 3 9 4 8 4 12 4 12 2 10 10 10 7 9 12 8 8 10 3 1 9 7 5 12 5 8 2 5 10 10 4 1 4 8 10 3 11 1 3 1 1 4 3 10 11 12 3 9 3 6 10 12 4 10 8 9 10 9 1 7 11 3 10 7 2 8 9 1 9 4 11 4 5 8 6 11 3 2 6 3 10 12 11 1 7 3 4 8 9 9 10 11 12 9 3 6 1 1 5 10 1 10 12 7 12 8 5 8 5 7 3 5 9 5 6 5 9 11 10 4 12 2 12 6 12 9 12 3 7 12 9 7 1 12 2 7 6 8 4 2 2 2 11 2 7 8 10 9 1 8 10 5 11 11 11 2 12 8 1 7 7 10 7 6 10 10 5 7 5 11 4 8 6 3 12 2 3 6 10 10 11 9 4 12 5 2 11 1 11 1 5 2 1 12 2 2 11 2 6 1 3 2 3 6 4 7 1 2 7 2 7 3 10 9 5 3 6 10 8 11
39
710
3 30 30 8 1 26 3 15 22 22 25 10 38 7 25 15 4 2 15 27 4 23 17 39 38 23 4 11 33 35 4 32 37 23 39 30 33 36 8 1 13 9 38 35 34 9 23 1 26 1 16 31 3 21 29 27 6 35 29 7 35 30 9 12 23 31 22 15 17 33 18 33 3 32 29 9 30 8 24 4 7 26 38 12 20 21 36 5 10 4 27 39 15 25 3 9 23 36 35 36 13 29 36 33 20 39 1 23 8 10 32 15 32 13 19 5 38 15 11 26 24 29 7 28 9 23 11 10 20 37 32 18 13 16 5 18 17 20 18 15 22 15 29 32 24 2 9 10 14 15 39 31 39 13 39 15 21 29 23 32 15 32 39 29 32 34 3 22 35 22 26 11 10 20 29 37 22 6 9 8 15 24 15 37 34 20 10 12 35 11 2 25 32 13 32 4 5 8 19 12 32 26 17 31 24 13 11 14 30 18 7 5 12 8 1 8 20 24 34 27 6 34 39 34 30 2 26 39 15 16 37 12 10 21 2 35 39 17 17 34 10 39 38 39 11 28 26 30 26 24 31 2 38 16 32 11 36 22 5 12 12 1 19 16 39 28 15 39 39 31 17 9 13 9 14 39 19 34 33 6 17 21 35 28 29 12 29 28 21 2 27 30 21 27 13 38 19 10 36 14 17 16 25 11 28 6 37 10 6 8 17 28 5 32 29 29 37 38 24 13 10 4 33 1 33 24 21 26 14 13 38 10 12 22 15 25 11 33 26 18 34 32 26 24 9 32 12 35 11 1 22 19 24 3 7 29 11 22 4 24 13 10 38 33 29 27 6 4 3 34 25 11 26 21 24 24 29 3 27 12 17 1 30 24 36 10 39 28 27 14 33 26 11 28 1 30 36 29 23 16 36 6 27 33 11 33 14 14 28 25 6 6 10 24 15 28 35 27 5 35 10 30 18 5 10 15 16 32 11 8 3 16 26 11 37 13 10 22 33 17 19 14 29 34 35 14 30 2 18 20 39 17 9 39 22 27 25 17 33 23 34 32 36 36 4 36 27 25 21 25 34 37 21 11 14 34 4 32 2 27 28 4 3 8 32 37 2 27 36 30 1 33 4 33 31 26 4 7 39 19 32 9 37 12 4 3 21 11 22 4 20 18 8 24 28 4 20 29 32 34 21 15 34 15 39 29 27 12 35 21 27 37 17 19 20 24 37 38 20 30 12 37 6 6 38 29 32 35 38 38 36 4 31 19 19 15 12 32 33 30 30 10 23 20 5 9 10 26 6 16 39 4 18 23 35 24 30 4 18 6 19 37 18 10 23 36 27 34 12 31 35 22 29 19 5 9 15 13 18 23 9 17 25 17 1 38 7 9 20 16 2 35 24 21 38 31 11 36 35 7 10 3 32 21 33 3 18 18 5 23 9 36 11 8 39 7 8 17 6 38 17 30 15 15 29 19 26 3 23 20 36 10 17 28 27 13 13 28 20 1 21 3 21 28 18 3 2 37 3 24 17 3 21 14 1 1 22 31 23 18 36 1 16 23 6 31 3 18 32 26 1 19 4 26 22 7 17 37 30 17 18 23 29 27 13 10 23 24 12 14
22
710
14 20 4 8 11 12 13 2 17 1 7 8 7 14 19 15 8 20 16 14 11 16 15 5 13 20 8 22 17 13 12 10 18 15 22 11 11 19 18 2 11 8 3 13 22 7 16 19 18 1 5 13 9 10 5 19 20 12 4 14 2 2 22 4 1 4 8 5 14 1 19 11 15 11 8 6 2 19 10 22 9 4 17 18 9 9 16 3 11 17 3 16 20 18 6 19 18 12 10 17 8 7 19 7 5 12 17 10 6 18 3 22 10 9 8 10 14 22 14 18 10 13 12 10 1 7 17 4 12 13 22 16 14 6 3 1 4 1 11 12 21 5 6 7 21 12 15 19 9 3 3 7 13 10 20 15 8 6 13 10 15 2 17 19 10 4 9 1 13 3 9 11 19 15 6 12 15 20 20 4 10 22 14 11 17 18 6 14 15 11 5 19 13 10 21 15 15 19 1 2 18 14 6 22 1 9 2 1 13 3 14 10 16 16 4 15 2 19 21 6 9 13 14 12 9 18 3 1 4 15 15 20 4 3 14 9 14 10 5 5 4 2 1 6 5 13 7 9 10 13 9 20 11 11 8 16 20 17 15 20 4 12 4 2 3 2 5 15 21 4 15 16 18 5 1 14 9 11 5 8 10 7 7 9 16 15 19 8 19 11 3 19 16 1 19 19 17 20 15 18 3 15 8 9 22 2 21 20 6 19 3 16 1 2 10 12 16 18 22 14 14 9 19 20 15 4 2 9 5 13 10 4 21 6 15 8 12 10 16 12 4 16 6 14 12 18 7 14 14 14 13 19 8 22 2 4 13 18 2 9 21 20 22 12 18 16 12 11 19 8 3 10 8 8 4 4 4 3 11 6 11 19 17 5 7 14 3 15 1 12 12 14 11 17 2 7 11 3 8 5 22 12 5 1 7 11 7 10 15 9 10 15 12 16 18 13 3 20 4 8 22 15 22 2 21 16 12 5 6 17 1 20 12 14 8 21 1 7 22 13 7 17 21 16 7 8 12 22 9 6 10 12 3 15 22 2 14 13 13 11 11 11 21 13 9 12 8 5 18 18 5 18 6 9 20 22 19 16 17 5 7 2 7 20 14 10 4 6 1 2 5 2 9 14 1 22 14 17 2 13 9 3 22 15 5 9 3 6 19 13 8 9 5 5 11 16 11 14 21 10 4 18 2 8 1 6 5 16 1 16 14 3 8 17 6 10 14 8 5 10 18 3 3 1 10 15 9 11 9 4 17 15 8 10 16 1 18 11 22 20 8 14 8 18 8 19 1 10 2 2 10 12 3 5 4 1 6 21 15 17 17 16 22 5 1 16 11 16 15 21 7 3 14 16 21 3 21 4 14 21 13 2 2 4 14 2 20 5 1 14 21 9 9 1 20 6 5 2 7 18 13 16 16 11 7 7 10 8 17 9 21 8 2 15 3 11 15 18 16 12 9 9 9 4 21 13 21 12 19 7 1 2 1 19 4 22 15 16 3 1 7 3 10 19 21 2 7 11 1 10 3 6 4 3 19 22 10 21 14 8 8 17 14 18 3 16 14 6 5 19 11 22 20 18 1 5 18 9 16 21 21 16 5 19 9 14 22 19 9 13
16
810
4 7 8 6 6 8 16 9 2 7 8 6 1 3 15 4 1 8 9 9 3 11 11 5 8 14 11 6 1 13 12 1 11 9 8 7 16 4 12 16 1 9 7 7 2 8 10 11 10 3 1 8 9 15 8 8 13 11 10 5 2 7 10 2 10 6 1 1 5 11 4 11 3 11 11 3 13 13 7 14 4 5 14 6 9 5 2 9 15 3 6 14 8 3 5 11 15 10 4 16 11 2 3 6 12 11 3 5 14 13 13 14 7 15 3 1 4 3 9 4 3 8 3 2 1 11 7 13 10 15 11 14 12 14 3 11 9 7 3 7 7 16 5 5 1 15 8 4 4 2 4 11 5 5 12 15 12 3 4 5 9 16 13 5 13 16 13 6 8 10 13 12 3 8 16 5 11 12 4 16 12 16 13 11 6 8 2 9 4 5 12 3 4 3 13 14 1 7 8 12 3 1 2 12 14 1 7 15 1 10 15 4 4 11 15 13 12 8 1 2 3 5 13 14 12 14 9 14 5 9 12 9 10 3 2 4 13 16 3 7 6 15 14 4 16 5 2 2 3 8 7 5 11 5 16 5 10 13 12 6 8 9 5 6 9 16 12 10 2 12 13 2 1 8 15 4 16 13 2 5 11 15 4 1 9 7 1 5 7 13 12 10 5 7 13 14 3 6 15 3 6 15 1 8 2 5 6 6 11 13 10 12 9 12 10 12 13 16 8 1 15 9 12 13 4 13 14 16 5 15 2 2 8 2 15 8 10 12 7 9 8 11 5 10 1 11 11 13 2 2 7 3 11 7 10 11 4 7 14 3 4 8 4 10 15 13 9 9 3 14 16 7 4 3 9 14 16 6 12 11 9 5 5 4 13 9 8 13 6 16 9 12 7 4 13 11 14 7 3 13 7 14 7 15 10 9 15 5 7 4 6 12 6 4 14 6 5 9 4 12 16 14 10 10 12 4 7 7 12 11 4 4 1 15 3 8 6 3 1 6 9 8 7 2 13 11 8 4 15 3 2 8 11 9 8 13 13 7 4 3 8 4 9 5 1 9 16 15 3 15 7 3 12 13 4 8 13 4 6 6 4 14 15 11 14 8 10 16 16 9 4 15 9 14 10 1 4 9 12 5 16 12 4 11 11 8 14 15 16 2 11 6 7 5 12 2 15 6 3 12 10 15 7 9 5 6 15 15 9 6 12 9 3 12 16 6 8 6 14 9 8 6 1 13 9 9 10 13 12 3 3 9 9 15 10 3 10 14 5 10 16 7 6 14 11 7 1 3 11 6 10 9 11 4 10 7 8 9 11 6 3 7 15 16 6 16 12 4 2 3 8 16 15 12 3 3 14 14 12 3 9 2 9 2 16 15 6 3 6 14 5 11 15 1 14 1 3 16 16 6 5 10 6 8 5 14 2 16 14 7 11 14 1 7 1 7 4 11 7 7 14 15 5 6 2 8 15 6 6 8 8 16 7 3 3 9 8 3 8 5 9 13 12 13 15 3 1 5 4 4 9 2 2 11 4 15 1 11 13 3 1 6 14 13 14 9 5 8 1 1 15 1 6 14 7 5 3 16 14 13 14 3 1 10 12 14 12 5 7 3 3 13 3 15 11 6 8 16 6 13 8 11 14 14 6 1 4 13 3 6 8 9 2 16 12 16 9 3 10 16 3 5 15 3 1 4 2 5 12 10 2 11 2 11 8 10 9 15 14 5 5 16 8 7 9 2 12 12 14 9 15 14 12 9 16 16 5 13 5 6 4 12 1 2 16 15 6 2 10 13 11 10 13 14 6 9 12 9 4 5 10 3 6 4 11 8 3 14 2 2
50
810
48 20 21 27 4 48 8 20 37 43 43 2 40 40 34 15 16 41 15 45 32 18 30 26 40 25 32 19 4 24 39 30 41 43 1 30 20 35 38 40 15 36 2 28 9 21 13 1 42 25 21 15 18 22 34 17 28 44 50 38 24 27 35 49 15 48 6 11 8 50 6 48 37 11 22 36 21 46 23 19 37 10 1 37 40 13 16 7 30 2 35 40 42 32 2 10 12 10 9 39 34 42 32 24 1 48 12 11 49 46 45 21 23 30 2 43 49 31 48 41 4 4 31 20 25 30 24 48 41 22 11 50 28 38 36 35 11 15 45 9 23 3 9 27 36 47 2 12 30 24 26 10 19 42 17 45 7 35 21 46 6 7 19 33 16 45 1 28 20 4 2 33 18 48 1 1 38 38 20 19 46 41 48 38 7 19 46 18 36 24 13 29 43 33 12 31 50 36 37 26 36 37 47 30 7 30 9 49 1 39 4 33 16 15 44 31 16 29 13 4 24 18 49 18 16 48 8 5 1 30 19 35 41 26 37 36 13 2 7 41 30 34 10 35 6 32 33 42 45 33 16 40 47 7 20 15 9 39 1 20 18 43 29 18 18 42 5 49 38 16 45 37 22 1 27 42 41 48 29 47 34 32 5 32 38 1 18 10 20 21 19 5 8 18 4 47 9 6 9 47 2 38 47 34 18 1 11 39 37 30 19 31 46 14 20 50 27 9 26 5 34 40 13 10 14 20 15 21 3 37 16 14 1 4 11 48 37 10 50 2 38 25 20 36 14 31 12 34 39 13 19 47 23 6 47 26 6 27 3 8 47 26 21 28 29 18 48 28 7 32 36 21 25 26 22 41 5 32 28 23 3 34 27 23 33 26 30 8 19 34 22 16 29 45 29 17 38 23 48 19 4 49 36 25 10 29 3 18 34 28 21 49 20 44 21 14 21 32 10 28 9 47 27 49 12 35 35 49 43 14 48 32 17 1 18 46 15 3 39 22 32 41 7 29 43 18 8 19 33 25 33 7 4 19 21 48 32 1 24 38 34 9 21 3 40 36 23 45 17 27 38 41 40 20 1 1 9 2 26 41 31 24 15 2 9 16 33 31 20 26 29 24 13 32 45 46 15 12 22 27 14 34 37 44 3 13 23 23 9 50 22 37 38 43 24 24 18 2 6 7 14 36 14 44 27 17 25 37 15 6 16 47 19 17 48 28 34 9 8 2 34 33 26 35 48 28 46 47 45 1 30 18 34 17 15 5 25 36 33 17 49 26 10 33 12 34 15 22 19 5 27 27 38 11 45 27 4 41 1 4 47 23 19 44 8 11 4 5 7 38 16 36 29 38 12 14 48 42 17 23 3 32 28 36 37 31 23 36 17 12 48 24 24 19 1 48 47 43 42 40 28 49 8 36 13 20 20 16 24 25 49 49 38 48 50 46 15 31 16 27 13 35 19 22 33 11 38 12 42 20 1 11 31 28 36 25 23 8 19 45 6 44 20 42 44 18 4 37 48 23 24 45 4 42 47 39 16 2 9 42 50 32 44 49 26 42 6 19 27 22 11 5 29 32 33 4 16 12 46 29 22 9 8 19 40 42 2 9 20 19 1 4 5 19 13 33 5 12 1 33 37 46 36 41 31 38 8 20 41 21 14 33 5 22 10 6 41 14 37 5 44 31 44 30 25 47 19 49 20 50 11 16 50 2 41 49 6 26 39 6 13 30 11 48 39 47 27 32 42 21 26 12 47 49 20 31 48 39 4 33 27 43 43 4 40 37 4 5 23 31 4 15 48 19 43 6 37 4 18 40 31 19 27 6 25 7 27 22 35 23
14
910
9 12 13 5 2 7 2 5 8 2 6 14 8 3 1 12 14 10 10 9 1 2 11 5 11 6 14 11 13 5 6 4 9 14 13 1 11 7 6 10 7 2 7 14 11 4 7 6 4 2 7 5 9 14 9 2 3 12 2 13 11 5 8 4 10 9 14 8 7 3 7 10 5 14 11 11 13 10 8 7 1 4 12 5 14 7 7 14 11 9 2 13 2 12 12 4 13 8 2 14 9 1 6 12 3 7 11 3 4 3 5 8 1 1 4 2 5 8 10 3 4 6 8 6 14 7 10 11 14 8 14 10 5 4 8 3 14 8 13 1 13 9 11 2 1 12 7 12 4 9 7 5 10 2 6 11 3 6 12 9 3 7 2 1 3 9 8 14 8 13 9 7 14 10 3 5 8 4 12 5 8 10 11 1 12 4 5 10 12 7 9 2 13 12 2 6 5 9 3 8 1 10 2 9 2 11 11 12 8 11 8 3 11 13 12 4 8 3 10 7 2 8 10 2 12 10 3 3 13 7 4 10 12 8 13 1 12 10 13 11 13 9 5 10 13 10 9 3 4 5 7 9 4 13 11 3 11 14 11 6 5 10 8 3 6 1 2 4 8 3 4 14 10 9 9 7 8 10 3 10 1 6 4 2 1 7 2 4 3 13 14 11 11 13 11 10 10 11 13 2 8 10 3 9 6 5 5 10 10 10 13 12 3 3 5 10 2 9 14 10 11 7 12 12 14 4 7 1 11 4 2 14 13 11 5 13 4 9 9 5 1 4 12 3 3 1 4 12 7 1 6 7 12 11 7 14 11 3 1 6 11 4 9 4 9 14 10 7 7 4 9 11 6 12 5 5 5 6 5 9 6 1 6 2 7 5 7 11 5 11 3 11 9 2 9 9 1 9 4 3 10 7 9 12 10 3 3 5 1 2 3 5 2 3 1 7 7 13 11 7 7 14 1 12 5 7 11 4 13 12 1 1 4 11 12 7 6 13 8 9 5 7 9 14 3 11 5 12 7 9 8 5 7 13 1 12 2 4 1 14 9 6 13 9 4 14 5 9 11 13 9 5 10 13 4 2 1 8 3 8 12 8 6 12 1 8 4 12 4 6 5 1 4 4 11 6 3 7 6 14 9 9 10 11 14 3 12 8 7 10 4 6 13 9 6 10 5 1 4 6 8 8 14 11 7 7 11 10 8 1 1 9 10 11 7 6 8 13 1 7 11 6 9 3 4 11 5 2 6 8 4 2 6 11 10 3 9 6 7 9 5 9 12 9 12 14 9 9 8 3 10 14 13 8 14 14 5 13 9 3 8 11 7 6 14 12 6 8 12 10 3 3 9 13 5 5 4 6 11 4 7 9 9 5 10 6 2 1 14 3 10 12 14 12 3 2 13 12 7 1 10 9 11 4 12 7 9 8 6 11 2 6 6 3 6 8 14 8 12 14 7 4 14 5 5 10 1 7 1 11 9 3 7 13 8 5 6 12 10 14 14 5 12 1 6 10 5 7 5 14 12 12 11 8 10 7 8 10 13 7 2 13 3 1 12 8 14 12 7 1 13 6 4 12 13 5 4 12 1 10 12 2 1 4 7 7 12 13 10 5 3 10 12 10 10 7 5 8 13 7 3 5 4 10 11 5 10 14 9 5 12 8 6 7 4 3 5 12 10 10 10 9 13 14 12 14 5 4 2 12 8 2 1 6 10 13 10 6 2 10 12 11 13 6 2 5 11 6 3 6 1 3 3 14 4 1 2 11 5 3 12 2 9 10 2 5 3 3 12 2 2 11 11 12 6 13 3 1 8 6 11 5 6 13 6 1 14 5 1 11 2 13 12 1 1 4 14 7 8 9 2 14 2 2 5 5 1 5 12 1 8 2 3 1 3 12 5 7 14 13 1 12 12 3 5 6 8 6 6 7 13 5 7 4 4 3 14 7 5 6 7 3 13 7 2 3 10 7 3 10 11 6 6 8 12 9 14 8 13 6 3 5 13 10 1 14 13 12 9 14 3 11 10 3 11 1 11 7 10 6 12 5 3 3 9 5 9 7 2 7
23
910
15 16 3 21 4 5 11 14 22 7 9 9 11 2 15 12 11 4 15 17 14 12 9 4 16 15 10 6 12 5 21 17 17 15 13 9 5 3 4 11 1 5 9 8 3 5 7 17 14 2 13 9 5 8 7 16 8 17 13 12 18 17 22 17 23 17 5 21 7 6 8 3 11 12 1 5 7 19 17 17 17 17 4 23 17 2 1 10 6 11 15 9 23 13 1 22 14 8 2 10 6 15 12 1 12 12 10 17 22 1 2 9 15 5 21 6 10 13 5 20 18 16 20 20 10 6 9 7 8 4 11 4 11 13 8 19 10 3 20 16 10 15 13 18 18 22 23 22 1 17 10 18 5 8 3 11 3 7 19 20 9 19 19 22 21 20 17 7 17 7 12 2 4 20 5 3 14 2 4 5 9 16 5 19 19 5 23 17 11 22 22 8 22 15 16 7 13 17 16 1 12 6 16 21 20 19 9 9 13 21 17 1 16 4 14 2 12 1 19 18 17 5 12 13 18 13 6 22 16 11 2 9 3 3 1 21 20 14 8 10 18 13 14 3 18 2 3 17 10 17 12 18 13 5 12 8 2 23 4 10 3 15 11 12 14 22 21 2 8 1 22 2 1 2 3 9 9 7 9 4 10 15 21 7 4 17 4 21 13 16 4 12 20 17 5 6 15 15 4 22 6 7 16 17 11 3 8 21 18 5 12 21 14 1 21 5 14 18 9 21 23 17 19 14 19 12 8 7 10 18 13 8 6 2 16 2 4 21 15 9 2 15 10 12 5 23 3 14 15 3 15 19 9 21 15 9 13 1 20 5 10 19 12 1 2 22 19 10 5 23 23 20 17 2 1 5 12 17 14 9 9 5 19 21 15 23 2 18 20 7 16 13 15 1 8 13 14 21 5 11 12 16 20 10 17 22 1 2 9 18 14 2 12 16 3 2 15 8 4 15 5 8 9 17 14 11 5 5 20 21 17 4 5 7 7 3 23 10 10 15 22 21 5 15 10 10 1 16 10 8 8 9 23 14 14 23 14 4 17 10 15 10 19 12 16 2 13 9 17 16 22 3 3 12 23 10 19 5 6 16 4 6 2 6 4 17 19 8 8 21 19 12 22 6 1 10 4 22 18 21 17 18 6 21 17 20 12 2 14 5 2 2 15 20 17 19 16 9 19 12 3 10 19 12 22 13 2 6 23 23 11 2 4 13 22 5 12 15 5 9 23 4 7 23 19 10 20 21 6 21 2 16 22 21 1 17 20 16 5 13 15 3 15 13 5 2 15 9 19 19 15 21 10 4 23 5 13 16 8 10 23 10 13 15 21 19 11 14 15 13 20 3 6 23 15 16 7 19 21 14 11 23 7 13 23 21 5 3 14 8 19 14 8 4 11 12 18 7 6 15 22 19 5 5 11 4 10 5 7 14 11 13 13 2 14 18 23 6 10 6 21 13 13 21 3 10 11 15 9 14 23 6 9 16 7 10 14 2 23 6 21 19 13 20 2 2 19 8 11 5 21 8 12 6 4 2 3 10 16 23 9 20 3 12 21 2 14 11 19 7 17 13 1 9 18 9 11 5 6 2 19 22 18 14 7 3 18 3 18 18 1 14 15 17 21 10 4 20 18 21 18 20 10 11 4 14 10 16 18 8 8 18 11 18 8 18 8 1 20 22 4 1 21 2 13 20 6 6 11 11 22 21 7 13 21 5 16 11 21 17 22 4 10 3 23 5 17 1 15 9 4 5 17 3 23 5 5 1 18 7 20 2 8 14 8 13 20 7 1 1 21 12 10 22 11 3 7 11 21 5 19 13 9 12 2 3 3 7 22 18 23 2 15 4 16 19 1 17 13 4 17 2 17 5 5 8 12 3 15 1 10 12 20 20 21 14 2 19 2 8 2 2 9 12 15 16 13 18 18 9 20 23 16 23 12 19 21 4 15 5 23 8 9 20 23 2 22 5 9 4 8 18 16 18 8 21 16 7 20 11 14 1 13 9 7 13 1 20 20 20 15 9 20 14 5 11 3 3 17 19 2 8 6 20 10 16 2 22 18 11
